100 0
1100 0
2100 2
3100 1
4100 0
5100 1
6100 1
7100 1
8100 1
9100 2
10100 2
11100 2
12100 2
13100 3
14100 3
15100 3
16100 3
17100 4
18100 4
19100 4
20100 5
21100 5
22100 5
23100 6
24100 5
25100 6
26100 7
27100 6
28100 6
29100 7
30100 6
31100 8
32100 8
33100 9
34100 8
35100 9
36100 9
37100 9
38100 10
39100 10
40100 10
41100 10
42100 10
43100 11
44100 12
45100 12
46100 13
47100 13
48100 12
49100 13
50100 15
51100 14
52100 14
53100 16
54100 15
55100 15
56100 15
57100 15
58100 15
59100 17
60100 16
61100 17
62100 17
63100 17
64100 18
65100 18
66100 19
67100 18
68100 19
69100 19
70100 19
71100 20
72100 20
73100 21
74100 20
75100 22
76100 22
77100 22
78100 22
79100 22
80100 23
81100 22
82100 23
83100 23
84100 23
85100 25
86100 24
87100 25
88100 26
89100 26
90100 26
91100 25
92100 27
93100 27
94100 28
95100 28
96100 28
97100 29
98100 28
99100 29
100100 30
101100 30
102100 30
103100 30
104100 31
105100 29
106100 32
107100 33
108100 32
109100 33
110100 31
111100 33
112100 32
113100 34
114100 33
115100 35
116100 35
117100 36
118100 36
119100 35
120100 36
121100 36
122100 37
123100 37
124100 37
125100 38
126100 39
127100 40
128100 38
129100 38
130100 40
131100 44
132100 44
133100 44
134100 44
135100 41
136100 43
137100 43
138100 44
139100 43
140100 45
141100 44
142100 44
143100 47
144100 44
145100 45
146100 45
147100 48
148100 46
149100 47
150100 47
151100 48
152100 47
153100 47
154100 47
155100 52
156100 49
157100 59
158100 60
159100 70
160100 56
161100 56
162100 55
163100 53
164100 52
165100 55
166100 59
167100 58
168100 56
169100 62
170100 65
171100 63
172100 64
173100 64
174100 59
175100 63
176100 62
177100 59
178100 65
179100 67
180100 66
181100 60
182100 62
183100 68
184100 62
185100 71
186100 70
187100 64
188100 68
189100 74
190100 77
191100 79
192100 74
193100 70
194100 71
195100 76
196100 72
197100 79
198100 75
199100 75
200100 74
201100 72
202100 75
203100 75
204100 74
205100 69
206100 69
207100 72
208100 79
209100 75
210100 74
211100 73
212100 75
213100 75
214100 74
215100 74
216100 76
217100 73
218100 75
219100 76
220100 77
221100 76
222100 75
223100 78
224100 77
225100 74
226100 77
227100 84
228100 80
229100 79
230100 84
231100 90
232100 93
233100 90
234100 93
235100 86
236100 81
237100 82
238100 80
239100 83
240100 83
241100 81
242100 84
243100 90
244100 84
245100 82
246100 94
247100 91
248100 89
249100 88
250100 85
251100 86
252100 90
253100 89
254100 89
255100 90
256100 87
257100 89
258100 88
